0
2500
3200
2300
3100
2400
2000
1700
3600
0
2900
2100
1600
1900
3800
5400
1900
4800
2200
2200
2500
0
2100
2200
2900
1700
1900
2000
1900
2200
3500
3900
3300
3700
2200
0
5100
2200
4200
4500
3200
2100
0
1800
3600
1600
4000
3300
2600
0
5000
3400
3800
3100
2200
1700
0
3800
0
4200
2300
2200
1800
0
2100
1600
2400
2700
2200
0
4500
3800
4200
3500
3000
3600
0
0
0
0
3100
2900
3600
2100
0
2900
4900
5800
7600
0
3700
2900
5300
1800
0
0
0
0
0
0
2400
1700
1600
1600
2900
0
3200
3800
2500
1900
0
4200
0
2700
3800
2600
0
0
0
6400
2000
1900
4000
2400
4900
3200
0
1900
3500
0
0
0
2900
3700
3400
3200
0
2600
0
0
1700
2000
3300
2700
5800
3800
1900
0
4000
0
0
0
0
2900
0
5500
0
0
0
0
3600
1900
2600
2200
7600
2500
3500
4000
0
0
0
0
0
6000
0
0
0
0
0
0
0
2200
0
0
0
1900
0
0
0
0
0
0
0
0
0
0
0
0
0
0
2900
3500
5000
4500
3700
0
0
0
0
0
0
0
0
0
0
0
0
0
0
0
2100
3900
3400
3800
2900
4200
0
0
0
0
0
0
0
2000
0
5200
0
0
0
0
1600
3300
3800
3800
4200
5300
0
2900
0
0
0
0
0
0
3500
0
0
0
0
0
1900
3700
3100
3500
1800
2700
2700
2900
6000
0
0
2000
3500
0
0
4600
0
0
3700
4000
3800
2200
2200
3000
0
3800
3400
0
0
0
0
0
0
0
0
0
0
0
0
0
5400
0
1700
3600
0
2600
3200
5500
0
0
0
5200
0
4600
0
0
0
3100
0
0
1900
5100
0
0
0
0
0
0
0
0
0
0
0
0
0
0
0
0
0
0
4800
2200
3800
0
0
0
2600
0
0
0
0
0
0
0
0
3100
0
0
0
0
2200
4200
0
0
0
0
0
0
0
0
0
0
0
3700
0
0
0
0
0
0
2200
4500
4200
0
0
6400
0
0
0
0
0
0
0
4000
0
0
0
0
0
0




